$ANSIBLE_VAULT;1.1;AES256
61313933633932306665613834346661626534663032653731326235663530393533306362653934
3262393230316539313731363939623132313436333130310a356532656565393861353937646531
62646334626163366434643337303231666634313665383631316530643332636162653733666339
3962633435323462630a306138346431613233613038613233623365376664633964656138363162
35333066623435313863383462333333353339333165373064353538313133613466363537353832
31373738623230366436393830643934396333376437396566653837386634333538613562336330
33623836366131383033396331396636623933363365363964616532333937326332393363393933
32373838346562616465313434656536373639623766646465326665303935396636613034363366
61353963316536323630323066643930376166353261356231353234393734613066393939636431
61633630623637373431666633333732376566626261363836333561376331323135616335663333
30333131343663386162396263383130613530323239393463326135666433356637666336343734
37613438356335646532336137643431643833633532386135623031663233333362653064313232
61316461643664616236613266363538663133326431333336313664313165346436323439636161
34653035376431393730323832326538383865333033376365643930646332303535356563373330
31633866663031313235366661633235363665383433656261626263623862313461623630323730
66393130376663643061353535323865643165353432666563396365326336336136633636323435
35326665613230396436386638653831393561356666363130666137663032653162323965386331
66373737666262393335376234323561313730616236333161356334636666666433313832623538
66373337303130386365326364363364653439323136343730343839653966386462396532366134
65616461653037386537393439626237356564616137313036613865363163393861643666383937
33376338363937376535663830376230323937626335326430353065646431333536636139666263
37303030366137383464346336363466396634363035323964306334393532626364396561633765
37666632653164373934343734613832376662343366643834386662656137333963316131353436
39343839343531336465623735643032353561666665653761376563613133326234643733653631
36333366316134633662353961653262666333323631343862306161656163656362646531616634
65613331616337313431393866303534653438316531373665663261373064323535323437393533
36376234653463336336643932366132636161656336346561356263383964323165646436346136
65353634656665633361336464333564343132386262633163663130666364333264623039623334
61303963353364643738353334633335666565363435636561666431323930373436393035343237
33653432643661633961616335363461303634343162383364616232366563353034633635303138
36646334313731646238386361393732653232356539653333373439623831613563383433316131
38373165613030656561363738356639343539323630396661643661366235336364626539343434
64653666383536666235326361336230323632353665323330646231636138616430656230663866
32636132653835336634386364653565633066666164323162663431633735663833633138356538
34393365383034306461303539663036353035616139353533316237326231663533323135326362
35313131373735636638333661393032326161623134633539643234323433323163623161366132
33333432653931666462366264343563333833376435396435663331326236356234626262333036
63616433666338653862323737376661366334643939663735666666663035663931663135343766
30306332633232616630303035336365643338313131383330663361303534316665373063376239
36663438383937333065646235353534393235323934653633656137643339316135303736353161
39653633383165336431313133623061393330626635323465336333633862343438363236373564
35386338633234326161346530386533663064323834633862653439366633333132653534653330
32336435643364636635626538303035386539373839396633373830353133373663653562643962
37663636353933356530366133336537353231353464363433333032373964663135326134363866
36323739383530316365306165343238613739383462306336373065303062356163363235633230
63633334333234626130386562646337666135336339616663656365313764343834303333343661
39646634336266383630313233373136643235386162353232633838333661656438363630396332
38356532343539303832386432326364353863366636396561626266366334353436363865323839
35373135383462393665616662396434623135666662336433386433396633336138316136316663
61616266336266383439653665636534333438336662316366626164626136336363396632663666
62333536303234376136333761643035316164353335333763623534646439613039646633376365
61306165323265303332666665636539383062383030306238393939633831313133376436636362
61613635386534333035333366346466353631333534326638396664393662376366386463623130
31333532386231653566633133333238353039363666613662363762353437333031383935323337
36326365393765663633336261366131306333383530333266363834323761303936303161343833
61333432623562356634313032316438656466653831636662613430333835653862393266393563
33356264303233376361343639393363343235616363353365396631666139333863666361306438
35646533623430663461336536383231376532666130643131323731303231333362356165666465
36653036373931366132363432633834346666383632393832326534326662316338643437353830
65396464363632356330366138383230336435306464623038646638376231656638393231613363
33666362363461366333616465653139636432613562613463353337636461393962663239336139
39636166373765313433613662363534386466666537366338383962386638346631646335363033
32323532616134353764383436373962373231326535353034316639633230306232626430323964
30663732373938303037646361376231326232376466323231653234376538306561663161373562
32633639363734396331316333313531376565353164316230316434616239316230363361643965
61653735326436336233303136393833653662353233623165323537623034343937653834356639
63373136306531323962313736646633663062616564353063356130346530323333346662373236
38306561353838356239356263613666346339306663353362636162343636346534626232343933
30393733623734643334336231316561633036343462363733323066386439373762666132636333
64373964313430303632333064643264313839393738333238313533353938303136346133626535
64303331663836623132636163376130396566346364616536336333383737633937343534363834
33616535633837663666363735356339663464633734356663376564323361616439653561616636
31613061376131633438346366636662323231656565333131616134636365373663643165303138
64646365363266363637363130613936663766333832333336646161366638636636386632366138
35633462633132316364373230376531643266303535666262653065316565633730393232386463
30663333666662646331633931386464323137613638376366396137383439656133366236373863
35336436376432366262623539626266323161373264306261633262613564646330636136366235
66373034366235323434656437366432396338336230363934376362656465656261373934363262
63323930306465663538303266366131393636396139356337333139313231623739646362356662
34346263666162626633363061323963653961326332376139343664646465306263626434653834
61306631313065346337613465336635366465666166366539373366363834653038346264316638
32663938323363386239353232326331303431626434363864636436396365323531313530633166
31336131663630383662306231626337313132373161333835343234613064343734363331633264
33613839623636623737336335376463326334393330653337666161386165373538303134636130
34306661653763643835363964376130666433366134356166643238383037613432336430363433
62643139663466393030653234626466366532343835623532313461646364373735393133396637
63626165353533343037623832313030623432653661323033353030346239396662373937646438
31623366376539366336363637373735653439386538303238323565363965366336656138313664
35643033323638363939646465326461346364663765376565633966326566613464313263643132
62623333353132616436323432376534326531363133393662346133363261616464346436353733
66326438643335323462373538666165313635376435353339383730333339643832623938303330
66633539353236656135653831383438396239336334623930353339323063663338353066303938
30303765323335346239363135376136323637616363623936313362303938306632343331333864
66633432353034623964663962303731316634353561386363306265366639346331386562313531
38323632653531656364356439366639363030656631326161663136386334333231633532373263
39303761306561623239613631303633396433636266323637636639373331393837626463326365
63666364393761343834323139656261633864656237343461336131653835376262666261616239
32326662343139333465373934356666323536393232383337646164303566306562623531613662
35363138333336376263333939313064656334616365383538396665613566623634353663376635
37386436633235366562306431356638646534643936383737356133396334336661363963653733
32373766333036633237623931653234623531656237653331643764623534363763616261313631
37393336353466656366373933333634653136323931316662373336613832366432643030326432
61393865383938613439386134633032343032353233353333303733303133346562653462303663
30356634326665323565346438366139333838373263316534613837303936313764313135326233
36323539363464393538613964323530323065393633313733613437666466643936393264626439
66366533333937393839393239666633373063656431396564303964306363383532306232643639
32373735613435663566666436623333346330396631396335326566396135303837303730396165
37653931353039306330623964363037306366633064646538373962323238366430393164623931
31626430346233346366316163666561333034643138656230356437623830346166353239616661
64623262383332373164316265636136653437613662373636303133623939363261356232643530
66333263316463336663363362666139336538393364343231303733623263643164386530313061
63613562333134613266373332343331623231313362356561333861353833343164356530323963
66383833623962313437353332646132313366356563623339333233313732306166643539393832
32343130336461616233326436346332363237376235613966633030363137623561653539623832
65636565613164663439656134383035613834346466626139323632333366323130376132396332
31346234313230396636353532306666363161663836633765633537323363623436326662666439
32306436316561363936363061653931623965623434353632333236313938343466623664306263
33646462346163366266623030663765623233336335646566643835643430663363383065306264
31363065666563396335363363363061663765656433643662646634663666633035353632323037
64653637303063306331333137633534343038346262316230663464643838376339396561626530
62636465363736643263653738336361303064653634356339653939336430346465643135356134
34636435366532656230643736346366336339663535613666373864323166666639383332306664
30616663646362626263653764643239363264333566663566326235623263646362376263383039
31393837643764356334663136613263626235336531656334653565363961666264386663303830
61666634383761306530306537366434363533623338623166316434623165303034376538383062
35373563326263643265316233646261336536343938386139373136353037613664616263316230
62663137313035653534663430636436346535646161633435336337353563343830636336356465
39633132383836313465323863386238656333303234346461316438383931346433343633653065
35636665373137663938666530343235373832656130346339633138323036633430333830643536
33393532386665313231666464396263346138313735333330616263363833313161393462333532
30393936653733376438306238336431663161396561646165633561633666343138323333303735
64333339643731663737623065303234646633336164376133353039393666303630313035393864
63326562613938613862373638313861303632626439376632386338623665363564323632303733
31303038653537653865393531376530353663653731313734316633373937356332396634623437
65363439643462646537313831383930653231303830333432373034323535616339643164643032
63613961303536643764396334363764666666343061373337386637373762376562663232393836
66373530333930306138313264633539333463633235346663396265666363306433646136383864
61663530666633326464373261663133333862343437613066626136373531373061313134623138
31333566633934313331663964656462336635363732333935346434653330363637633262613063
64303332623238336332336665353264323236333666373933313930306635396636613862626466
31653237643630616362323433666264653935393936396539326661343536396365313263666166
63363633623934366365323832663962306230333638333862303365663033306634616431353230
61363065313938613133636633633033623332363135343738366463376363343866323161303035
32313961346633623033643264663032353530653538616234616666366531326330343735666661
39643239613930383332383461613366356531663330323037623831353630386330316136323866
38363738346539363731313065353034306632646235356232383338306330363065613861653864
35303537333966616233303066373831386464303232306539396234623138353032616137386330
30373734333330646662363564346361353461373134363563393061336235376663306464336663
32343434643330373830396231323235633037613661306539336664333231396161356562616531
61343764353964333761656537393837623530383538323265366432663864373839653838316434
61663339313766653063316366363236313037363430303737666134336432323463383033653535
39306166323737636531373037306565613365363765306462646265366330383838333062376638
63313161633832333936373333373432393561343532343732373362623937343031666233653035
35626363373062323739646432313432616434323962343433373336636436643035323434666233
66363538356230353262363137623364393330643737643335376239663635353861373766393339
61353136306434313038613264356139323937613662666264356564373837383239616230626365
37333262386230663738356635663835623664646231323635656239363430663962633939333435
39653235613032396537633637326261313937636634373562636231636262353763316530396139
30613133373835303138373663343236613137623032353134303833373333303230373935306636
63303133336639663164636139383330346537653539613833323339313836356531346230343664
35346436626464666239333630313465383736653231656338363262326139623335333361666139
61353830336565353036326338633334393262393964333061366530363166373635353334666439
65313834366261643138636661626330656566303035363666353037336436336364643063633637
39313938366530616163656632626365643430373361626632313939386266373363373331306335
37313930383635613537353063353161343838366433313964656235643836396262383863313637
66353932623566396431316330626635643230646639316435333461393739306436623665636265
33616630653833306638636463366638643564363163636634323964646537316265303332396565
66656662333537356461373437383339366130643066623563303662376337633730653664616338
33333838313030623563623965383064626665303831656263323034663861333639303766386432
38396537396463656334376537643261646662396366626266303333376563323534376664353061
35343033613165326130373634383837383836616434646533623937333733653230663438646235
35646166303733363663393864356236386136383732633437633531336432623165656137653064
61646539626165326239643738393731386432613835383737633635346534346465353336353361
31363163303566343737383664393562363663373461646662646365363935623461303965653939
30656632363039353939303235383734626130316266383934616438313866303265656131646332
30643862613439356137323432373939393235333035393737393839346464663464383663313535
61386330633034653866306364316664646638383863363066653866366337336465643337626462
32336539323539366164303763303633333062393438633261623731633563633665376331316435
35336539333162656330363963633933613332386638313265356530633032313431393834613562
31653732356365646563376237306136303533313061373130346134313039633563623562376235
66323332376436343462303163343965363763383032653931343265343335303333613636363139
36626339386430323662653933643836613863333334336533336261643664646663306431396264
38613462313135363662383738653261613732333465656338613364313966363139336431336331
38326333386366323132353761373937326539393266663761623639633134363237653737313939
61643537386262666233616636616661636335356566333461363064343731643963623236336638
65306630306631323131643036393936643964313731393032373133613234346362613164313936
37613530396636656361393235656630343634356661396536313830643835343739666236653833
64386265363561373038373630663961366361366133616436613061363861653335383961313132
38316130613333336162613833333461616332613032383033653865666636663535653134353331
37663534343033373939613537363237383732656336306130396232303663393735363065373532
30343630323635393761633237656462643239636331333534363132316538643832356434356564
39316337313264333433613038623939666634343662343662303335646634616134353932333532
37656139633031653366323163376261613637383764393064313963326337646363613463666336
36356333333064323732333934636131353962356233383235613464396430353761316336653032
66343235663435356431393931353936363031396435636237343639336563353534636433656339
37663862383261646463363134306435333466363465383832613434636436316339666663343462
3139
