$ANSIBLE_VAULT;1.1;AES256
66323039373938333964656266303035646263316363343334623731636638333538666239363063
3464366338343762353133623766303066366535303235360a316132316564623031353365313666
65356237306235393733623435313862656264386433663538363238343135636438646561613037
3865633339666132620a323132623236396364616361336433653566336633646261616233343431
33613637626131613035656235316662396166356166323432313965356335376231383463323636
37323033656561353336313866353565616537643937656330366266643433356231363539383062
39386431356465346565636365313535663061323037633737393439343064613463343166326136
32623762633931623062366138343034393334316666316530653234616637383766616532663137
33616133393333633366343636653236386261366363363935613830626264353938333536656533
39616263326462316632323938663563306639313737393061393161633938643165303431343335
35386332303464303534336563636537353039316233653837653630376535653236343863613836
66366338393633663466383430386530333639656132316138646132336462626466376364363166
62633033653034323961313030396265663830366665363266303534303739383032666362396662
35323630336639616434666634356261623135656435363431623466313363666463393065616566
66383133326263656166356366326536633232363535333738666164363036636364643161366333
36623433323065653135323433343166643837306462356437643836373763326364303931663135
61616539666363303065636138343733646337306666316530366437393837333037343335383731
63316332643634613638646562386439383163616663653834393234373539623934326663633866
65636661623865653430646131633736623138653663663035613739323437663839346238323362
65323536656139363361303731303766373130393835386639386563653364643039643930613861
35646163366133323030316335363031663139333335396438636433353065313064303231393765
64386639623636346336333934346337633439323336616531373861666636363862646234353632
33643635393635366137626362353730376137386166306133343765306638396536653939376637
38363034366163646431313731303439363662323134313262623834643236313535653465393737
35613236366239643030356339613732376663633364333237336634623562626135373763373732
30333266636463343134343439326361373362396431613033643136333833306633626237623432
30323836633137633438356536373462353663323662656232336135323139323532633461643031
66636539343235633365303863653263636337393566313037336536393135653861623464653339
63336462663265383438326366363761663437653432636261646661613031616662313833373232
36376435316430643031636164646331363438613831366361333231343735636432336362356462
36336661313765616332373466623835653766326232386434346266653635346166333063633465
34383138383362613865323135356531353831623137616331326338363534666230333039343339
35346238393162326333376565366262323634663766643634376534356262343832636366313439
36376132653131623365306466353138323262363239393439373162323365396638636133303563
34646533366261633030666435306134643663333063376236353930313731646337636466333538
31313534373866643961643136643162656263643535313862386338373532633633663730616666
61303832666639643266623664373732303463646532393133313433666637363233363461663961
62356630383230326634383534393566656133333236363463663231346330396330306533613665
65383733306161356164303234346366383737626566633036326632343032323864326234656361
65383231303165643432343261336464383230636565393235366162366666303136646335656632
39333133343932663536613665323466653566346530333466633063303830623233326135636536
37613733306331303763663365336233313731356539636632356638353333366133613966653739
35346237623737353764353834646233613430653036363662626138353130613363613437316463
31643162386135343834393039376232386362336238386339333939383535376530366635386439
35323164666663323665343731396566353631363137333139383961643331323631343235666434
66306239646430636132373164666535336563623530616635383766366662626231333761393137
62613230346330633530633337623830653336393266636635326532333862623730646365313166
64313863376432326332616131323334643538316534346535386364376331356261643831336633
33343332363732393131343534656665633034366532643732633339616139353665353534363435
30373563313865633834343331643835306439343334306462633037383964316364306431356231
62373633383932623864383833643162373363393238316364353232316666373537353262656566
65656334633961333863653139663137646266616639336533376261653363616161373633623966
65313538386164306165373631613933376633643664363035383431656339626564623863666563
61333465323937653361373138626235613231343161363830393866376432323933316535633237
63386139376463326161363132346530313337616566623736616632646431393864316437333338
37383761396631303533323035653833316137656261336266663534623662656536393839336664
36353534306636343166306230643338333133663864323039653635383262326661636235663433
35356434613639386533656364303930316134353034393033306533356639646638616236626362
33353734326364396338643962356237306130626537616164643733343035373036643639623732
65653336383232393061376365626162303636393065613365303363623139343766656466646637
62363136643239366236623731623831653165396136363061383035383332613764323230363132
38383461653730343330366336323437356630393231323135626539663461373630663136396666
32323134326130373336623063323139313433613561366637343662386165366231623334393839
31663635633033636339386238646339663236323036376237613264646166306230613063396531
39333434356463663237653636663664653735343039646165646130613935633437343865343432
62653239653030663335663063663732643537326138643466303630386661393235383662363437
33666235646539313765353432303934306437656338336335343739636163373432643034316337
37643161626362316362633964396666303332366236303135346561373136363661353534376438
62616465323530666235623430613735363664636632316634313762313066363065393233343638
32346230643930646239353836363931386135376439363565353339316661663331626134346462
32343633646133383064636465336366353638366462616164623163383463323634353239646464
61306231643830643234623735636162663235303262363163333864383237303564373239366263
66356666626339363865316464376130396631373837653839613236643237353037666566623263
36343733663633643466333238343763333935376335363833333362356632376136346364326234
39303037656133366131363261646563356636313737643133363462616436643663653236656431
65616637373761363663623562363830333966363063393731333532613039316332646230393436
33363133343634333330333161303965366366353262623333653962373132306536373463366333
64653136663262663033376232626635346230613535643464613835346461623263333765303136
36336238643765323063353035373663396566316563666564346339316231373161646161333734
64313963306432353662353430303235663235316233373330366537343039323338616231313035
37303964663037656230353439626139306433343365626531366238623534343763613035343536
65336637623733313131626330373935323461386330626431386530313164326131323162376664
34376334666361633930393733346339633732346366636464313464333031366638346539633363
35346331386562303636613734356635343432636162663632306436383435306632373931616661
33663032626333333536663638613138393661663231663833383166616437623466373537376337
63366334626338333231393364383762646339323464653731646466303430366533333561343261
63613039336461346139616263626532656531366463663139376361333639663435356533346463
32666566323366633333366337396264363237363336336239623836613963323936323234316435
66346639343535636564616230313361643461666465393566316466343963373335663630653637
36623662333262383034336363356631306563666136376436643631333830653932396661643932
39623734396662316131393465653430356634376330343434656166396530633634336635353034
65616664613537663065663438336563383064376233386361353366393630653638366634373334
37356238313938663134643537643064643038633134656139376635333366303830336134616132
37333837366133353765396639383265626333653433666239306632666665646332343035643630
33393436323564656238306565393066333839636266613238336636373062636432623031626465
30366633333435303462653231326162626332613738356534373830343933643230366165326632
65363231386435616461656134363630383439626134346363656630343136373262323462656132
66643336323030646161336136393432376430663665313362393431303634396463366134306631
33623830396136653634643931303262353665313834383331393536393835653633663163343836
38396635326663303438353461373661323661333162636333663062383936386263306466656563
64636238363530343432393838623336323733313536646363653137636239376632646336376665
30343434333062303339343264366538323634623635653831646262363537333262666262656330
64613461623364316235343937376233393336613538656436353831643634393035383863356561
33353865626662636465373933663366323361633831653732363335623861396661326332656164
38613034666463396462306636656365356264333938326531633031393535643733376265643462
31653262373938636362386461663432653235613030633865323639336439646130373839626232
66336532633932643663643464396436353130623233663532623736356539633238346535653833
32383333663634613033313631303634653838386636313634373166623432316230303564376535
65363738623132666230353431666332396662316565653430313130386537653962313236333262
39303662343634633062613339336530343965656237366264646536656130383637333231316233
31316536306432623262656464656363396565393535653934386333636539646662386565636364
62633233343961383664646563373234306535343431626262383439383061656432643036376362
33363237646366626532366162353837353138663333356339343732323332313235393562363165
32613061663761373861663462303237653732376563616261313331653266343037613030646632
37306430653130363439643165303634643163313937633466653737316664333734663634626661
36633139393837333331376332636165316635363932613939336566333436303532333132643862
32366164363963313862653037383965336231386465303765313834633931393231633332636233
62316633393531353064643931393535643461663565663766363662333532393735636638363262
66393165613863663061626339623531336265336165383136303962346462366134316537346435
64316237353363663437393965373162616564396630393739643836663233356637316463353463
61656164623039316164326364643664383366343335303633313739613733323932373931346366
64616632343131353564373035323861373063346362353732353734323030643162326138386566
32313537646231623666316134616135356134333561626334326334393839313262653362356461
61376163393864396330313434383865336661343030653432633933316433313237613465383533
36366337656536393464633736346438396366333763316433363837663236636139613536643537
37633434336265336333636565346232326531623738366462646464383336356435343830376130
37353261326662656534643532393562313836326236643034346131313136323366313166623163
36383962613365313661613937653539613032383338386239663262346233363930363732616231
64373363643239313862663135616639653136396461353465363261626335373233376336366434
61393131393766636136306661323662333531363735613033356137336133393834393735633937
66616661393961323230616136316138633439323536366335393736333861333339393037636166
62323664313535653538616630303935383163336531663630386231326136636233393431633733
61633033373236666239343235343861383336616532336134613761303663663237306564613064
35636434333438643866326363623961346334613430313532613265316634656535343662623835
61643633303634363933643166646136393939626434663735383536323563353037373862376164
33353938633331336664663530333836363930396538373861386234393965366666363035373763
34323939396665386239613033386133366234313331333464336235323936633030396264303361
35613066323331363865333033613639323235613539373332643639633131393436646237633039
63353362383137643762616138323537386364383536656434376233346634306262326530323162
39626434343738343936343234366162363837313539626563333635343130353462616338363631
65353564323930343032363237323038316434353361366236366137633439653633626564636639
39656133396530653533653030653836633234643465663065653063323762623164386564323135
38653436393237303963303634366134356564343064613736663763363035323638663362646363
36323061303038383831306632306662346133373734616463393732323766363033656363653730
62333136633133623361323963386461663264346434653466333731653738306538393266646136
35353436323039356363623237316663313839613935326563366166373263333932323031613839
63626463613037356362323937626162366562313364346134663036353034653137383032666431
31343830396136316362663632656235383163373766356365383337333533633230373064646434
38626532363832303231303037626631626231373431626330313439326331326239353932303536
34303462353632313730626336393337393563313865366634326666633539366635636130386630
37613362616431643431613137306131346165336133636461636630313636303437366531653261
30393538623863353936306238396332333833326439323865346131393732653863323031666434
35623664643664343565393339303934643662346331353832393133316239386437653335326564
34656536323232396139383630326438363238326664333637303231653936303431383030663161
62356563663131386339346466396237646433373732643138316136333736373137303438326435
39626133366438376538376433363233363837326537303734383863393030313361376262656264
33316130663161333930313435363364346164346264613038333739633333383464393166666431
33313838333832323037643139666134373162316263636666656536666663343538653035636131
63313634366139383839393438353432356163323133306139326538363832316537393536326430
64636631346231613032623833636262666361643462666566343431636139363236613037393762
38396630663330356636313236373432663330333732343930346330383232613064363333303230
38336139313866656163343232363866383737333963306531306531656637336233373365656536
35643930653665323030633632356561383063316338656337356539386436316539336662623338
31353362393733316265643530636633663562356664376339643361666564613161613263313766
65613162336239366430383335303466383437343438646663333961616436366636393862663938
36336135376537326538663766343266363665666135383934373461353666663166363336323632
39626431656263643031303734303338353837323534383830343366663532396135316337636230
38353630363231336138383661376363316436393565383234613634613937376664313838313261
33363333353934663039666335636361393132353136323039653639353831386337393065346633
35383464633637646132373530326364636661303665316331613635666538386466366133303939
36303933633963336364393833396536396538353838616162626339663566626261333932386634
37393931356361393037653132643164626164386462353136633964343935626465303466366665
38626334383931393934313532303662616562343838376537656432336134653137613865623465
65313061623264636532306265323730313936386164623232353330626138323761363733343134
30363963343035326231373165636565366462646165363966393061323266323466646531663533
35366161313432383963303332633166333565653033383332653162363739383938653361313230
33366166663035316362643839653233626333646537643934363836393233656163396136663365
31353561666231663234323431653536653266393734313163386133613339343534313936653731
38306432383237343638383464653666653931633334633534376361623037303330323934646565
39633439373963353431336162323032656566633435366333383062383036633630303434326131
34333234393939393463623563613864366561626361306161626539326439383064613630343139
38366634343534343938663732393865303639313065356466643335323730373565306231313465
64623231653435306231316639643866626564356564656464356533616532393162393334343266
30333739343632656636323932373134393135313463626263323930316432626563303664633561
61613735333436616632616635316333363337653837656333333433393938633336613333373935
64396164326662633130653561666438363232383732396334646132393762396334323765356666
38306534623161353562623932353136366437636535333131306562376334363439663334303762
31643432616631366165326531333463373937613966343533323261343061366238326135623966
35333036613561626332346562623762656536656161313737613464343635333233633562633366
30376162343762383538656364333332376236383437313331656533633865633932663263643835
61623631366663383436346536633866313638633835613661636431303239323034343138323634
38383464613166643936623534376134306437363834373235373364303964393937343865303239
32363833303933363830336235626164373939363634376530653934333839386561353866323235
34386139626565393064663336653231623133666434316633366461333765353761386132333830
32343735656532373535303035623835363439363633343064326166383032663638303462386535
31616438303464376465626239656664656539376665646330663366646165306539633132373033
66313565663163333264343636633934623462343763643064653234333333663864666465636666
65373031306331633963633638356662626435656636616632663535363137393033626264333161
38393936373666613562623030306463663034616234313738613464623335373265336438636635
63376138383032346337326437303032356331333238396430303532343439663865663634316163
31626364353233316561626462613834366262313338343230366534356661386462363132353130
33396235616537326131333765383466313830616566333237323364396339393563646538383263
373539303766616432303231316263366335
