$ANSIBLE_VAULT;1.1;AES256
35363331633031353536623535333736633134383436313630663336666665633434663538663839
3065646365316136666365326232383034646562643231630a306336643261363366353338386165
37656165613436303832663738623539613333383234353138336236656166323436393965336537
6433663461373438650a653534356430623938343435636339663134373333613462623536653933
35313064303730666134656166666133623937373464346566666661326431353766336430363762
34316435306136383466396663643062306335633765303638373436356237636239343031353561
31613836363231633163633364666261306435393634623739353762376432303238633032303261
36323331633537373262633934323934643138646335326231373963383539313230343561663863
65646162626165636235666261386662376330373831643164386539326535643864313138323061
62326165316634313861316661633662653330396638373562383432393936316666393937366666
65636364643836393966376431323064326639346466373738626438303438633166363262346463
31633139636664616232346639316561396235366233616536326165633935343039313563663533
37643931666661323437623138323363373431386462313064306465333536356566376438626462
37303237646336303734663134616537666663353164646535646134653866376264643638613835
32356363643834623732386137636434636463643430303731616535343836383938643463626433
63333066613234386239343365323132623336633431613766626439633634343566376236653765
66323239666438663931373963643239313033363533356438316131666461343032346366343563
37373031356266656637646563363665663563656636623037326535356437653863333561323138
64363464653938636334666136656437643064326161366433316539383732363931626363323362
62343331363661333035326238613335316237393566613531366230396364616635316233623761
37663932626634393431356236396338303030383564653165633864383764343866666635636136
66313036363530313831383564303436343265353937656266373838636536643363626136393862
33383938336465613437656633653636303233333632623432663538333330646131396533326566
65616362653335396439326435356331663733353839626363656164633466633332663439633863
39653631343631316635393132663562646233336561353138383131323661646231666438396466
64333164393434613362353335323963623234393761653233333362396637303036646236653961
39633738346137363363613463323037393130616365383436303039323539393031636534626437
34323061616463303730306461663666363537616537303936373262623163363365366339323664
34636436633235303065613065376561366537353963363538396638653935356638333038623365
65376562623334386638343230633033663331623430323561333334623737666131613832333032
37346637316237646238316333353365383165373338613861316334356436373730363435323335
34356133396162656530393530666339656663336639613933633039326137663231356430656437
30373533313138396139623061613735376538616531663938303564633930663331653234663365
63636139313831323433633763376633383262373232613832653237643733656239653066356530
36356662363137303333643632623864656330323833306664386333616439623966376665336637
39346236323837633466366539343964663730323235653766333461333562656331323433613338
36626339613838643666396336313863386233306134323130356539393134336233356433333031
61633264353936323031323634663433333030626635616263393734343962346564356637303738
64656538353165323366666437616332393562633266356362336432373632313931343862643439
32656632643761666532393539643363333666373361636562376662376632343936386638373264
39313166393837353265333635663366653535396461323431643461336330623564323533356230
62306233353861376465636161333637656532363537363739363137303439333263633964636131
61306638643137666462306664346430353937363639303435393961376635343431386632316562
34343936623034626666653865376362353033373738633130613637303061363237323236356264
38326637343330343131313961303638383965303762623435623566626435656165653332393365
64666630386234323766366439663434393236626235353461653635666131626137366263316364
62383235366161356637336462626163633464366636323862323564663936636661626433363063
37353536313862616630343639396233663966613362633266666338313339303666303261633339
64643664383066613539316164303039633139316232356263646266366636336463656365363339
65303262393233643137373730653865653831396462646265303439613363626361323138656565
62336461353733656564636431646265323264636665633164386533306335326236663135643237
65663161373561323332363366663564383739383238393735396335306661333661643236626533
30393763623162306534333337643564376163326161343133633634663761643234653636333639
30386438656331643133633661313362353937303663646361323730646263326239336139376261
64623164333861363365306366303630363030646262366635333434316337313534323461326531
30623734663761323531353765353031643034643962333466646462316535303130636234333466
35383763636261313565326636383631616162666265303732326163623337656161626662626466
33353062383962303238616563626566663432376436616234636564323062336536623339333031
30303365613639666537326536306564373833363063376630653233343161313934663361303431
34306363353163636235356562353436623930663533613830666437666637383130313336663031
61353466656361613138396163393334303035383135646265386238643938353563653332323361
32656663383662633931623634353462623965363161326430316232396365376262366430343935
62616137346632646539356633646361376166363738343731633734306336623133343634666631
35616438383330613633643839343734663662656634343936316239343638363462643066626163
61333966386163316231613161353337353633666234626663653230656134316463626265613932
37303039336365656163313164303134623262346437393537363136663437663434623030653062
63656438316263666265313233316534646661653262646462326530666162333564653464663234
33643265343931656661323866376665623562306366366139343166336162353937666264323534
64323134383164643531653838363030383930373735326162656539303537626265383064616630
66653038613637633166346232653061343232336132663739653064653263646661316338373864
34336266356566373363643062383839386465353766383561376136636630363861306131326466
32626335653039316363343737376161373761346563643437616132616362643866653632656237
63333862303638666439393939326561383863336131353161656330323064313363356566376161
33626266626234303633346465663732373430363663613238616330663962663431353538633239
34373061336539353335643039333565393835633139663864366137323230656163666131643863
36363030666130633862653463613664323935356265623364303338336533336432656361373538
31313266376337376631363964343362326162613431363438643366636636363361643538623462
31386665333163383662343134323038383835616364356261323563363831636438373562656134
38336636663163376539636633303861393862306163343937376466626634653863353838643430
63313732323930643961623063613035386230356539383439666561336630656236373361636537
36633138336635373163336536666465343834396433383436393734356663306266636437303238
32316564666536383365393135366637323161333230343963393332393435353632656562383365
65363936343134653938383732316334333436383264336235356638626365646463646438353034
32623765373131386464663461653230373761663166363833306264646461336263366263383835
66666633393930303334646333623063666364386238333532666232303339623231663364613735
61666331393063663361333366346337303764393837316436363335633161376139313063306133
31613634666233633533313539303763303666656631313463623539343439643933303661343862
64656433336166343436666466363731643363393132313938356438656633666237353039393536
34616230313030663364366435306237383335386266326234373165633437383062333033393636
63383439633337353261313030313232346535646466656434646161616231653530303661386636
36356539643537326237346430623332653163373336643862666531353630313961643463633230
63663531356663353366346437356362333936623435353432666262323530363036383835626536
35316132626266366132626639353735323932373032386365396562626133666130343335653536
31613163656139376663333266323335336332363163653830393033623263393837636266656431
31323535353863316533383363353535333562626135343733653161663863613965353637656638
34386535613233326633653461346237356534396235616161313336396332353064383537633333
30306139303332646134383164386535616161313338666332323462306366663036336661343335
36366361623439363831303237363863346233313733663230393766313964303538306233363031
62376161353235383662393036323934326235633264313761326235353137636433316535383836
35396264363265656133633664346633636138366438386230366638326532613338313831613364
38636635386135396364663838373433643635336134306330356431323562626436626232643331
35666465343131313264373434303130353936613966333161626231653763643465633162373232
37653463383730313832323765393330376333653630333933393934636538613634366431626163
37663230626564656666663236663365343337346162663530353637376139326164323832336539
37306130333533663265613530393638323961663536363839643666646333633433323262336436
36353766333930303936303930353834643066386634393037633262396139653436633736653536
62653934333564366232313933323765333765633265643065386337646232623230396439623238
63346639323266373362326433633938656364326663396261653637643861663965333561303732
62313936633762623934393037316261356433616565643838326235653530313762393030633834
37616364663466356637353665303738336637643264363937353566643033643361396532616339
36376333666536376264663962353839613163353666663739326430386533616537643435353431
66323761346439386564653437646433353964396266383136323265363531666233666462333636
64383564353330346330336139386130303032313635653266323838626238346332363039376663
64613634306165643362323836303765656662346435343738653836326134643531353833643135
66306264336230663262336633623366393435333663333630666538656365303536616335376531
31666264386630366638323265316234383138396430316437396566356166313462626631373838
64616566313864396565343731333335363461376666356465373730633061333333633634393765
63656166316166633265366537643262373764323261346661636165656564383931623633363264
35313064316663643931626637376162356261356139623666363765333364393033333037366363
39353932386238623165313465316330333863383730336166663035383265623131346338316130
38343136366638396563623234613363376333333765386561613237636438356435326363313035
32303531653338373662306339393366363162626362383562613938313461306566646236613237
64653634353635373462636335326430623136303131313231653163383937393163386331613733
61653531356633373564663039663539396334346338366239343131383634626539636338643739
34363836313730613137306130366432303065643161643162393565643231356561383239303632
63363639633766663234383361353836393237393131333332633435653734306131333337383865
32323536323330303464383232623038653063633037333632333638366463316665613433666138
39666431306434383832623439653533336363303831653733616534386466326566656133373731
37376238353538613639303161653137613562626662323138656666323132363566626364323732
37393137633934333833333133656265383033313832626233656562656237316665353332626461
62633832366139376438346133646463643337393831366233316366653232616636633731353962
64396462343665376136326237376666653934653433626233313861303832383864636633653164
38323532313239316265356636356637383566666337316463373366333863326462626466653166
66396666343835336666316366636261636330316533323163396565666161306635396336636366
36643665663464343532623763343066646531343862663365636661383830646665356364656631
36613638623431313761396438363265613536393165333337333962383834363764323339366437
65663962323361636339396661316265376537303530643639663932346630643335353864656261
61393032363739663636373562353136646130343266366664316339343836373566616564323630
66393734663465623361333437303066383933333633366666666636623837653830393032363764
39363434343232346261396631613334393037343037313535393334663639633136313264633265
38633866323433346330653565623231366232313831666532613264626135653464326433383830
35356262343031396532393563626637353935366633393661636366643939363066306264613732
66616265383266646365643964303239633630346632313834653336643261393862333163326264
39373064636366613935373030306238366136353230626633363264626362613565333366393433
64656533356336656539386633316461376462626239326137303334363935326437646631393162
36666434643533613635613961396165306138343666383335386266663765616266333139393862
62333338396533353230303361353531353366626261323939366561316338366362383835323739
35376433643666653965356438373039623761646635336161376163616538633764323332333734
31346337303032366563656537316636313931383764326539656331623137646165363831343438
30353233336436396232633334306663396237613261653762323138623534613136353263343836
63633866633366656539323233336361393036313832663734343130393839306466633866646536
36313664643564343730373132333863646566363839366237343465623731316366333135643064
34643535313538613262623966646238653532336366653730333661323336333265306333313366
61333737313332386538306238396234353562303732363963623431653861313365653136623666
31303465303039643039653432646632343736343163393835663030613436366332383864663466
66633233626139313439373964383064636364373837373532616438303638323334323033636334
35663435656331373832626230656136623330643339333733653263363863343132333235363537
30343732373034383261353465386662386437636532363235666337346431653461616136636164
39313864336331633039306663376635653233396564383337666434333934316537336537626365
64626365306566363033646165623763393364383363323739343432633465333166663965353564
34663731663034616236633537363663616466323038333663313964623339666133393365343631
34353032636464616635613136336535363463623362376538363433623033316465353630343363
35383665383730623262313831623466313837353665646630656663356262393235363639636264
63663032343763396464626131323065356561316166616265356462663931623561396138386139
34306136633732383331346264383338346434633765643134663537666236323861386634656464
39616630616563393966643037653463636333306564316234333439363939363033363166663164
32323262333262396137316665366361333964383337306332306133633338366238336230646263
36613630613931363436363537393930663631303664633763656662633930383635376532613233
35373333626530383532373137393035373964663335666362353736303631316231363661633231
61636634643437623563333836323638326166393936633130393139383266373162376133303436
63376232643539363365366365653533303633626465666432633439323061356336363035313161
35323965666537363039623639333334643333323466316232323765633737373037656236646533
31336337623132333465363264353065316162303738353662373764653838613030303334623236
33623832383463333561346537666665343935303135633861626438366562326134613135366265
30343831333539643766643034633636623637366632376365313665303337396539633734323334
33343463633034663237636130373562343137376437626464396436396466333236303963346665
31613862333936646233663333383539323339666232646431323365326435626164626634643231
37376261363830313435363936633764336336393731333664336331623536613865323163303435
33353239633961356136393134333833343733343239383033656439653131653361393864313364
61663633363831643836373235316232396235383863633464323935653661333464396332653835
62643138663466393431383730366136346561613561393132633763653066656430333066333664
39356631636532383336356334613431373336306363666465663765613864333238346230333837
62353738346136306431613934663162333462653738346564316238653630653266313139343435
65346161653435633465393236336230376134306538333661656464343864643538396237666235
36386534643363363931356166663538626132393464623865326439613332383736623365653030
63316438633436336136656663303638323565666136336432613032373266393830646334373736
35323930333539366231373137643164306630306230633234313038616161393532663262306439
62633865613832613834313764353131363238366135326431393233363739383936623566323665
32366237646134613232643234613861376366616364376361386531356435613039336135623365
34643366323861386265656261323166346334626531663866396562623532373834346462373364
39373665323036393737373731653939613136393438336565383332343363353135363932396564
37653330343030353730393265323164653838653136353934393635303036323866366361643934
65326462353664396339616534313162363938383262356435316330623061323638323466366231
61646162323339353136383665316135656232313665663636323837616264623639353661366634
61613832653261323236356464313134353630326630333538353633666430356661636432313263
36633939353435396537396562636530616638396363616438646464313663616564336363393138
36386233356339333761323932636535346230336530346337326364323565636563
